1.000000000000000048e-04 5.125951443430105883e+02
1.016265089392994825e-04 5.206843054780005104e+02
1.032794731918951708e-04 5.289009695900731458e+02
1.049593230558227435e-04 5.372471380997910728e+02
1.066664958279539424e-04 5.457248436187586549e+02
1.084014359178330883e-04 5.543361504306467396e+02
1.101645949633656677e-04 5.630831551856169881e+02
1.119564319483878483e-04 5.719679879365608031e+02
1.137774133221491354e-04 5.809928121187576835e+02
1.156280131207375946e-04 5.901598249103191165e+02
1.175087130904807752e-04 5.994712577537478637e+02
1.194200028133532204e-04 6.089293768854221298e+02
1.213623798344240940e-04 6.185364832632151320e+02
1.233363497913775710e-04 6.282949103547913410e+02
1.253424265461400094e-04 6.382070266782832277e+02
1.273811323186478520e-04 6.482752374136391609e+02
1.294529978227915764e-04 6.585019849616078318e+02
1.315585624045704409e-04 6.688897495102072526e+02
1.336983741824946336e-04 6.794410498302264614e+02
1.358729901902709669e-04 6.901584455374467097e+02
1.380829765218092263e-04 7.010445368779048749e+02
1.403289084785872551e-04 7.121019644428009769e+02
1.426113707194128573e-04 7.233334097793836008e+02
1.449309574126216320e-04 7.347415960178598198e+02
1.472882723907502584e-04 7.463292881584549150e+02
1.496839293077255632e-04 7.580992890970585449e+02
1.521185517986104352e-04 7.700544412268035330e+02
1.545927736419477319e-04 7.821976304600929097e+02
1.571072389247450316e-04 7.945317869623025899e+02
1.596626022101425965e-04 8.070598858138073410e+02
1.622595287078087273e-04 8.197849477767031203e+02
1.648986944471064471e-04 8.327100423826657334e+02
1.675807864530767528e-04 8.458382889845897807e+02
1.703065029252844042e-04 8.591728550685511436e+02
1.730765534195724922e-04 8.727169568535539383e+02
1.758916590327733002e-04 8.864738600269663493e+02
1.787525525904234914e-04 9.004468804000407545e+02
1.816599788375327057e-04 9.146393792509699097e+02
1.846146946324547647e-04 9.290547606024080096e+02
1.876174691439120624e-04 9.436964793318607008e+02
1.906690840512252085e-04 9.585680426329000738e+02
1.937703337477988572e-04 9.736730107791105411e+02
1.969220255479171985e-04 9.890149979012195445e+02
2.001249798969036739e-04 1.004597673389159922e+03
2.033800305846980984e-04 1.020424763543530048e+03
2.066880249629082160e-04 1.036500051241409665e+03
2.100498241653914720e-04 1.052827376569832722e+03
2.134663033324244103e-04 1.069410637660962266e+03
2.169383518385184593e-04 1.086253791538523956e+03
2.204668735239408974e-04 1.103360852353234804e+03
2.240527869300018495e-04 1.120735885530864152e+03
2.276970255381679468e-04 1.138383015243367481e+03
2.314005380130652650e-04 1.156306427154430366e+03
2.351642884494348565e-04 1.174510369291135021e+03
2.389892566231048988e-04 1.192999152926964825e+03
2.428764382460450548e-04 1.211777153695852348e+03
2.468268452255691797e-04 1.230848813469785227e+03
2.508415059277539208e-04 1.250218640567707325e+03
2.549214654451423018e-04 1.269891210320697155e+03
2.590677858688007849e-04 1.289871166018310532e+03
2.632815465648020731e-04 1.310163219867467205e+03
2.675638444552044522e-04 1.330772151553435151e+03
2.719157943036017481e-04 1.351702791260342565e+03
2.763385290053169780e-04 1.372960029486427629e+03
2.808331998823171589e-04 1.394548827414537755e+03
2.854009769829237591e-04 1.416474217920258980e+03
2.900430493863990784e-04 1.438741306522905461e+03
2.947606255124856430e-04 1.461355272581681220e+03
2.995549334359813402e-04 1.484321373296546199e+03
3.044272212064301443e-04 1.507644944033962247e+03
3.093787571730137595e-04 1.531331397148353517e+03
3.144108303147264186e-04 1.555386222951884747e+03
3.195247505759211439e-04 1.579814990746519243e+03
3.247218492073128513e-04 1.604623349306458294e+03
3.300034791125283423e-04 1.629817014148023191e+03
3.353710152002930081e-04 1.655401766761443696e+03
3.408258547423451568e-04 1.681383469211632473e+03
3.463694177371732662e-04 1.707768065841917632e+03
3.520031472796678832e-04 1.734561584299403421e+03
3.577285099367871605e-04 1.761770136426317322e+03
3.635469961293318715e-04 1.789399911062390856e+03
3.694601205199301392e-04 1.817457169983400945e+03
3.754694224073334692e-04 1.845948259993785769e+03
3.815764661271248614e-04 1.874879614987060677e+03
3.877828414589455804e-04 1.904257756974287304e+03
3.940901640403448279e-04 1.934089297087329669e+03
4.005000757873610102e-04 1.964380929192452641e+03
4.070142453219436165e-04 1.995139420913512822e+03
4.136343684063273265e-04 2.026371628278146773e+03
4.203621683844712678e-04 2.058084498938955676e+03
4.271993966306778055e-04 2.090285073185100373e+03
4.341478330055091508e-04 2.122980484959765363e+03
4.412092863191187744e-04 2.156177957637769850e+03
4.483855948021186208e-04 2.189884791920891985e+03
4.556786265841062116e-04 2.224108379908530424e+03
4.630902801799737715e-04 2.258856209720911920e+03
4.706224849841280744e-04 2.294135866480699860e+03
4.782772017727482373e-04 2.329955033298264880e+03
4.860564232142134127e-04 2.366321484530787984e+03
4.939621743878318911e-04 2.403243053271143708e+03
5.019965133110080614e-04 2.440727657147251193e+03
5.101615314749832417e-04 2.478783311751361907e+03
5.184593543892908937e-04 2.517418131498130606e+03
5.268921421350671128e-04 2.556640330475081555e+03
5.354620899273605924e-04 2.596458222561841922e+03
5.441714286865889172e-04 2.636880216955243668e+03
5.530224256192899394e-04 2.677914821684317758e+03
5.620173848083185068e-04 2.719570647192520028e+03
5.711586478126429341e-04 2.761856407172654599e+03
5.804485942768975587e-04 2.804780919379159968e+03
5.898896425508494586e-04 2.848353102523622056e+03
5.994842503189407685e-04 2.892581927701481618e+03
6.092349152400708531e-04 2.937476430563579925e+03
6.191441755977842177e-04 2.983045747132292945e+03
6.292146109610341617e-04 3.029299115148912279e+03
6.394488428556938022e-04 3.076245874622318297e+03
6.498495354469887002e-04 3.123895467746979193e+03
6.604193962330300906e-04 3.172257424672160141e+03
6.711611767496280427e-04 3.221341362302311609e+03
6.820776732865683253e-04 3.271156999099951918e+03
6.931717276155402148e-04 3.321714156198834644e+03
7.044462277299035763e-04 3.373022757791488857e+03
7.159041085964884185e-04 3.425092830842110743e+03
7.275483529196225159e-04 3.477934469295757481e+03
7.393819919175864805e-04 3.531557812866687073e+03
7.514081061116963198e-04 3.585973095161794845e+03
7.636298261282240332e-04 3.641190648154651626e+03
7.760503335133566057e-04 3.697220902226174530e+03
7.886728615614147951e-04 3.754074386037716977e+03
8.015006961565403123e-04 3.811761697618956077e+03
8.145371766280737639e-04 3.870293466407080814e+03
8.277856966198472461e-04 3.929680405412782420e+03
8.412497049736112481e-04 3.989933319218663200e+03
8.549327066268377516e-04 4.051063103606020832e+03
8.688382635251178836e-04 4.113080745138247039e+03
8.829699955494085860e-04 4.175997293220115353e+03
8.973315814583520799e-04 4.239823792430399408e+03
9.119267598459292017e-04 4.304571349607001139e+03
9.267593301146876284e-04 4.370251151444129391e+03
9.418331534647945763e-04 4.436874463560899130e+03
9.571521538991858893e-04 4.504452629518971662e+03
9.727203192450534046e-04 4.572997048723838816e+03
9.885417021919568233e-04 4.642519086011834588e+03
1.004620421346812597e-03 4.713030137706218738e+03
1.020960662306046171e-03 4.784541663220596092e+03
1.037566678745185456e-03 4.857065183454903490e+03
1.054442793526168222e-03 4.930612279112013312e+03
1.071593399822670656e-03 5.005194572057600453e+03
1.089022962263729239e-03 5.080823602923807812e+03
1.106736018095972945e-03 5.157510891225678279e+03
1.124737178364751356e-03 5.235267994841166910e+03
1.143031129114478522e-03 5.314106507903506099e+03
1.161622632608501566e-03 5.394038058218493461e+03
1.180516528568804338e-03 5.475074295718202848e+03
1.199717735435883951e-03 5.557226780297834921e+03
1.219231251649109627e-03 5.640507005789182585e+03
1.239062156947915577e-03 5.724926473862477906e+03
1.259215613694150563e-03 5.810496692232297391e+03
1.279696868215940203e-03 5.897229171105275782e+03
1.300511252173408312e-03 5.985135413883959700e+03
1.321664183946604215e-03 6.074226782554591409e+03
1.343161170046015297e-03 6.164514481168886959e+03
1.365007806546013032e-03 6.256009677561921308e+03
1.387209780541619761e-03 6.348723504760481774e+03
1.409772871628966161e-03 6.442667056230184244e+03
1.432702953409829925e-03 6.537851378924589881e+03
1.456005995020648791e-03 6.634287358256638072e+03
1.479688062686395408e-03 6.731985650331544093e+03
1.503755321299737316e-03 6.830956820937435623e+03
1.528214036025868664e-03 6.931211352604522290e+03
1.553070573933459063e-03 7.032759638567549700e+03
1.578331405652116807e-03 7.135611976056110507e+03
1.604003107056819035e-03 7.239778455875004511e+03
1.630092360979739892e-03 7.345268823509390131e+03
1.656605958949912980e-03 7.452092659132906192e+03
1.683550802961201673e-03 7.560259399326056155e+03
1.710933907269013158e-03 7.669778329579125057e+03
1.738762400216249714e-03 7.780658576636725229e+03
1.767043526088945670e-03 7.892909022124166768e+03
1.795784647002094401e-03 8.006538107494646283e+03
1.824993244816151307e-03 8.121554017891500735e+03
1.854676923084697419e-03 8.237964724436360484e+03
1.884843409033794661e-03 8.355777975215771221e+03
1.915500555573525871e-03 8.475001286126413106e+03
1.946656343342260823e-03 8.595641879051694559e+03
1.978318882784163655e-03 8.717706454781473440e+03
2.010496416260497063e-03 8.841201350642475518e+03
2.043197320195269673e-03 8.966132610222295625e+03
2.076430107255773042e-03 9.092505972897495667e+03
2.110203428568593973e-03 9.220326863200474691e+03
2.144526075971665922e-03 9.349600350139138754e+03
2.179406984302953865e-03 9.480330927532708301e+03
2.214855233726358962e-03 9.612522613738845394e+03
2.250880052095459698e-03 9.746179046177976488e+03
2.287490817355701447e-03 9.881303470133012524e+03
2.324697059985646359e-03 1.001789872680727422e+04
2.362508465477945394e-03 1.015596722178017626e+04
2.400934876860650463e-03 1.029551067848945604e+04
2.439986297259548464e-03 1.043653018776931822e+04
2.479672892502156421e-03 1.057902635900875612e+04
2.520004993764090716e-03 1.072299931048038343e+04
2.560993100258457042e-03 1.086844865620485325e+04
2.602647881969003072e-03 1.101537348284465952e+04
2.644980182427718231e-03 1.116377211354218343e+04
2.688001021537603490e-03 1.131364207820494630e+04
2.731721598441374903e-03 1.146498031291303960e+04
2.776153294436797814e-03 1.161778315582143114e+04
2.821307675939469656e-03 1.177204633311763246e+04
2.867196497493767777e-03 1.192776494126109901e+04
2.913831704832784558e-03 1.208493324460445729e+04
2.961225437988033050e-03 1.224354456000383470e+04
3.009390034449717626e-03 1.240359148825363809e+04
3.058338032378430521e-03 1.256506592102115428e+04
3.108082173869060934e-03 1.272795902634739105e+04
3.158635408267814870e-03 1.289226123302129054e+04
3.210010895543170123e-03 1.305796200197544749e+04
3.262222009711666319e-03 1.322504954915238523e+04
3.315282342319422065e-03 1.339351121353240342e+04
3.369205705980263948e-03 1.356333350042217535e+04
3.424006137971421452e-03 1.373450206686046840e+04
3.479697903887688567e-03 1.390700170713029911e+04
3.536295501355039145e-03 1.408081609048965765e+04
3.593813663804624504e-03 1.425592717375175380e+04
3.652267364308172445e-03 1.443231579183564463e+04
3.711671819475762576e-03 1.460996179986541028e+04
3.772042493416994952e-03 1.478884405891049573e+04
3.833395101766597611e-03 1.496894042206073027e+04
3.895745615775499104e-03 1.515022766933318599e+04
3.959110266468455867e-03 1.533268128643272757e+04
4.023505548869289565e-03 1.551627561669770330e+04
4.088948226294858088e-03 1.570098392475132096e+04
4.155455334718872150e-03 1.588677838438020081e+04
4.223044187206669887e-03 1.607363006689192298e+04
4.291732378422154215e-03 1.626150858267996409e+04
4.361537789207999699e-03 1.645037970674582175e+04
4.432478591240393562e-03 1.664020667726556348e+04
4.504573251759454861e-03 1.683095138165698518e+04
4.577840538376614678e-03 1.702257435223578796e+04
4.652299523960186367e-03 1.721503475611008980e+04
4.727969591600384401e-03 1.740829084573452565e+04
4.804870439655126689e-03 1.760230533285357160e+04
4.883022086877873702e-03 1.779704382535948753e+04
4.962444877628911268e-03 1.799247106947718567e+04
5.043159487171355523e-03 1.818855087375672520e+04
5.125186927053326791e-03 1.838524610806898272e+04
5.208548550577657595e-03 1.858251806464323818e+04
5.293266058360555568e-03 1.878031252625842535e+04
5.379361503980695756e-03 1.897855916576264281e+04
5.466857299720177810e-03 1.917718484084911324e+04
5.555776222398871138e-03 1.937611419050639597e+04
5.646141419303662458e-03 1.957526963458397950e+04
5.737976414214130544e-03 1.977457159564564063e+04
5.831305113526217242e-03 1.997394919365306487e+04
5.926151812475547939e-03 2.017334558617157381e+04
6.022541201461919375e-03 2.037270403926566723e+04
6.120498372476694711e-03 2.057196675471125855e+04
6.220048825634706159e-03 2.077107488305168590e+04
6.321218475812444976e-03 2.096996848869885434e+04
6.424033659394187690e-03 2.116857838188274764e+04
6.528521141127840988e-03 2.136681654165375585e+04
6.634708121092339726e-03 2.156459076242487208e+04
6.742622241778333664e-03 2.176180683764856440e+04
6.852291595284056361e-03 2.195836858911623131e+04
6.963744730628217659e-03 2.215417790125288229e+04
7.077010661181879110e-03 2.234913888805059469e+04
7.192118872221184116e-03 2.254316714740330281e+04
7.309099328602904760e-03 2.273617968198543531e+04
7.427982482564907812e-03 2.292809239575870015e+04
7.548799281653423808e-03 2.311882013306045337e+04
7.671581176779296296e-03 2.330827671975086560e+04
7.796360130405225256e-03 2.349637182722621583e+04
7.923168624866245083e-03 2.368299856640962753e+04
8.052039670825471979e-03 2.386804384667954582e+04
8.183006815867385417e-03 2.405139302657798544e+04
8.316104153230951743e-03 2.423292998471662941e+04
8.451366330684705400e-03 2.441253719382510462e+04
8.588828559546244149e-03 2.459009533282086340e+04
8.728526623848369137e-03 2.476548028627453095e+04
8.870496889654395575e-03 2.493856504608429896e+04
9.014776314524911710e-03 2.510922137572058637e+04
9.161402457138508384e-03 2.527731991923261739e+04
9.310413487069065658e-03 2.544273030693114561e+04
9.461848194721986932e-03 2.560532091147581014e+04
9.615746001432091961e-03 2.576495493659234853e+04
9.772146969725713575e-03 2.592149185264723928e+04
9.931091813749784100e-03 2.607479035248851869e+04
1.009262190987046844e-02 2.622470854411190521e+04
1.025677930744420784e-02 2.637110409512920523e+04
1.042360673976400372e-02 2.651383419634209713e+04
1.059314763518368584e-02 2.665275179259255674e+04
1.076544612842314681e-02 2.678770574548366494e+04
1.094054707205741571e-02 2.691854477867509195e+04
1.111849604819269317e-02 2.704511782489846883e+04
1.129933938033221390e-02 2.716727421434212738e+04
1.148312414543510053e-02 2.728486372454208686e+04
1.166989818617145645e-02 2.739773008254184970e+04
1.185971012337667940e-02 2.750570819492373266e+04
1.205260936870841508e-02 2.760863319029429113e+04
1.224864613750929927e-02 2.770634138992636872e+04
1.244787146187904467e-02 2.779867055925660679e+04
1.265033720395902610e-02 2.788546014240025761e+04
1.285609606943294292e-02 2.796654802434775411e+04
1.306520162124719629e-02 2.804176695233278224e+04
1.327770829355427902e-02 2.811095115850436923e+04
1.349367140588305508e-02 2.817393756521669638e+04
1.371314717753943473e-02 2.823056609102648144e+04
1.393619274224140551e-02 2.828067995933921338e+04
1.416286616299197547e-02 2.832412294697769539e+04
1.439322644719405984e-02 2.836073318623548039e+04
1.462733356201128231e-02 2.839035115653364483e+04
1.486524844997854332e-02 2.841282188948900148e+04
1.510703304486653298e-02 2.842799532740032009e+04
1.535275028780420763e-02 2.843572668299314682e+04
1.560246414366366768e-02 2.843587528621060119e+04
1.585623961771136237e-02 2.842829925113834543e+04
1.611414277253018015e-02 2.841286091843378745e+04
1.637624074521685721e-02 2.838942938476612471e+04
1.664260176485900938e-02 2.835788088628006153e+04
1.691329517029646623e-02 2.831809917782702178e+04
1.718839142817144006e-02 2.826997561545609642e+04
1.746796215127242868e-02 2.821340766566241291e+04
1.775208011717633455e-02 2.814830047591185212e+04
1.804081928719380654e-02 2.807456820222122769e+04
1.833425482562287684e-02 2.799213436566210294e+04
1.863246311931557320e-02 2.790093219299960037e+04
1.893552179756293266e-02 2.780090540725992105e+04
1.924350975230328803e-02 2.769201360521224706e+04
1.955650715865946479e-02 2.757423056732929399e+04
1.987459549580981519e-02 2.744754087763915595e+04
2.019785756819876543e-02 2.731194009090304826e+04
2.052637752709248961e-02 2.716743494588780595e+04
2.086024089248500468e-02 2.701404431092116647e+04
2.119953457536069216e-02 2.685181458786252188e+04
2.154434690031880803e-02 2.668081871028556998e+04
2.189476762856618075e-02 2.650114115093163491e+04
2.225088798128367282e-02 2.631287729016566664e+04
2.261280066337275838e-02 2.611613338815191310e+04
2.298059988758847927e-02 2.591102711990813987e+04
2.335438139906474697e-02 2.569771346649951374e+04
2.373424250023864479e-02 2.547639380916750088e+04
2.412028207618003781e-02 2.524728041012502945e+04
2.451260062033334963e-02 2.501059328208055013e+04
2.491130026067786551e-02 2.476655982801333812e+04
2.531648478631351798e-02 2.451541469359475013e+04
2.572825967447929518e-02 2.425743184036205275e+04
2.614673211801087430e-02 2.399295609768707800e+04
2.657201105324502599e-02 2.372234159446676858e+04
2.700420718837769421e-02 2.344594275340961758e+04
2.744343303228360606e-02 2.316411363206541137e+04
2.788980292380438195e-02 2.287720730384143462e+04
2.834343306151305975e-02 2.258561007851825343e+04
2.880444153396292256e-02 2.228980961954894519e+04
2.927294835042812057e-02 2.199030309157273223e+04
2.974907547214436510e-02 2.168757546326607553e+04
3.023294684405773355e-02 2.138209879834893218e+04
3.072468842708998490e-02 2.107433162803132291e+04
3.122442823092853870e-02 2.076474216665207132e+04
3.173229634734973242e-02 2.045389227872519041e+04
3.224842498408436731e-02 2.014235233990945198e+04
3.277294849923377551e-02 1.983066736418482833e+04
3.330600343624585263e-02 1.951935678536502746e+04
3.384772855945977765e-02 1.920891437592333386e+04
3.439826489022920070e-02 1.889983028767479846e+04
3.495775574363271798e-02 1.859272493552166998e+04
3.552634676578136225e-02 1.828825005657959991e+04
3.610418597173332272e-02 1.798701692089693461e+04
3.669142378402486665e-02 1.768959696815196730e+04
3.728821307182830780e-02 1.739652295080338808e+04
3.789470919074661853e-02 1.710828217724277056e+04
3.851107002325564882e-02 1.682523322838142849e+04
3.913745601980380545e-02 1.654764727573346318e+04
3.977403024058030756e-02 1.627577208502954636e+04
4.042095839796300966e-02 1.600983425587915735e+04
4.107840889965639480e-02 1.575004041611239882e+04
4.174655289253132590e-02 1.549658978216154173e+04
4.242556430717771970e-02 1.524989608486009274e+04
4.311561990318220350e-02 1.501055812759689070e+04
4.381689931514187036e-02 1.477914047031576047e+04
4.452958509942649135e-02 1.455616817943794376e+04
4.525386278170162591e-02 1.434213067638882239e+04
4.598992090522430881e-02 1.413744255028550288e+04
4.673795107992456677e-02 1.394189012543005083e+04
4.749814803228494947e-02 1.375482924838596955e+04
4.827070965603175168e-02 1.357563919118070407e+04
4.905583706365043706e-02 1.340373080371806100e+04
4.985373463873887800e-02 1.323854391851340915e+04
5.066461008921260140e-02 1.307952543074818277e+04
5.148867450137485646e-02 1.292610682824133437e+04
5.232614239486655522e-02 1.277774020780405954e+04
5.317723177850962324e-02 1.263390179482797976e+04
5.404216420705906798e-02 1.249408997707569324e+04
5.492116483887777428e-02 1.235779092258142191e+04
5.581446249454956321e-02 1.222444984991740785e+04
5.672228971644534962e-02 1.209352782690547247e+04
5.764488282925867013e-02 1.196450780911307629e+04
5.858248200152529894e-02 1.183685587401636258e+04
5.953533130814360474e-02 1.170962449430077504e+04
6.050367879391210790e-02 1.158162872142087326e+04
6.148777653810010707e-02 1.145173188752825263e+04
6.248788072006884048e-02 1.131885078866905314e+04
6.350425168595953684e-02 1.118192238373033251e+04
6.453715401646689664e-02 1.103989745452205898e+04
6.558685659571424076e-02 1.089179237029336400e+04
6.665363268124904761e-02 1.073670043073113629e+04
6.773775997517737790e-02 1.057389394784697106e+04
6.883952069645483951e-02 1.040285511233074612e+04
6.995920165435363935e-02 1.022315300841816133e+04
7.109709432312423527e-02 1.003446696580714342e+04
7.225349491787201595e-02 9.836918779608246041e+03
7.342870447166753578e-02 9.630936469282083635e+03
7.462302891391099646e-02 9.416991225617457530e+03
7.583677914997176417e-02 9.195748107573932430e+03
7.707027114212283703e-02 8.968361650192431625e+03
7.832382599179187055e-02 8.736038711057988621e+03
7.959777002314970262e-02 8.499968356576189763e+03
8.089243486805924865e-02 8.261569210256820952e+03
8.220815755240529210e-02 8.022310872312227730e+03
8.354528058382855449e-02 7.783557071927941251e+03
8.490415204088733181e-02 7.546756563900550645e+03
8.628512566366876302e-02 7.313382452150865902e+03
8.768856094587416938e-02 7.084762725733020488e+03
8.911482322840186265e-02 6.862347346921937060e+03
9.056428379445273513e-02 6.647648318716383073e+03
9.203731996618209898e-02 6.441982083176555534e+03
9.353431520292369850e-02 6.246514711775002979e+03
9.505565920101177735e-02 6.062396678600597625e+03
9.660174799522626421e-02 5.890658432331222684e+03
9.817298406188822157e-02 5.732162823451255463e+03
9.976977642363187015e-02 5.587204660583817713e+03
1.013925407558813191e-01 5.455688850183996692e+03
1.030416994950586612e-01 5.337515251017935043e+03
1.047176819485518551e-01 5.231999912133382168e+03
1.064209244064722309e-01 5.137729383377025442e+03
1.081518702552286271e-01 5.053357012121635307e+03
1.099109700929495476e-01 4.977241964357949655e+03
1.116986818467821246e-01 4.907251623483795811e+03
1.135154708920996930e-01 4.841328735880718341e+03
1.153618101736476609e-01 4.777389255309998589e+03
1.172381803286597080e-01 4.713296037678028370e+03
1.191450698119773527e-01 4.647027329504257978e+03
1.210829750232037538e-01 4.576803043111138322e+03
1.230524004359259960e-01 4.501044496193161649e+03
1.250538587290388748e-01 4.418419847731954178e+03
1.270878709202055978e-01 4.328158495324927571e+03
1.291549665014882220e-01 4.229736196830455810e+03
1.312556835771841179e-01 4.123175121932081311e+03
1.333905690039056402e-01 4.009033272146351464e+03
1.355601785329365594e-01 3.888120682449653032e+03
1.377650769549051968e-01 3.761899094593290556e+03
1.400058382468094831e-01 3.631954211294991183e+03
1.422830457214349920e-01 3.500357923873346408e+03
1.445972921792017807e-01 3.369342155232988262e+03
1.469491800624814493e-01 3.241249364325262832e+03
1.493393216124249412e-01 3.118561263642674476e+03
1.517683390283401934e-01 3.003418058558409939e+03
1.542368646296626011e-01 2.897639332596805161e+03
1.567455410205592647e-01 2.802487736946432506e+03
1.592950212572119273e-01 2.718264034618021014e+03
1.618859690178195976e-01 2.644809892744553963e+03
1.645190587753659617e-01 2.581071345620417105e+03
1.671949759731986007e-01 2.525749548788447100e+03
1.699144172034622591e-01 2.477108744517273863e+03
1.726780903884352902e-01 2.433324791906775317e+03
1.754867149648147717e-01 2.392387817918756809e+03
1.783410220710004435e-01 2.352198165677392353e+03
1.812417547374234328e-01 2.310512004509996586e+03
1.841896680799708086e-01 2.265283838123571968e+03
1.871855294965575345e-01 2.214795165159242060e+03
1.902301188668940324e-01 2.158244881121069739e+03
1.933242287555042294e-01 2.095627831981841609e+03
1.964686646180442142e-01 2.027992334050635918e+03
1.996642450109789857e-01 1.956899099867434643e+03
2.029118018046674743e-01 1.884254339670248100e+03
2.062121803999140135e-01 1.812027063004719821e+03
2.095662399480429094e-01 1.742111284747211585e+03
2.129748535745515925e-01 1.676274684900498869e+03
2.164389086064017198e-01 1.615962530989133484e+03
2.199593068030070431e-01 1.562143316137961392e+03
2.235369645909790481e-01 1.515081195419795677e+03
2.271728133026901797e-01 1.474277324563490765e+03
2.308677994187165183e-01 1.438634581342067577e+03
2.346228848142258572e-01 1.406596525485232632e+03
2.384390470093714631e-01 1.376374394527421828e+03
2.423172794237595795e-01 1.346161372888071810e+03
2.462585916350542581e-01 1.314358489607818910e+03
2.502640096417913518e-01 1.279862349767126716e+03
2.543345761304645625e-01 1.242307618596738166e+03
2.584713507469558746e-01 1.202056946769496108e+03
2.626754103723831779e-01 1.160036051503179806e+03
2.669478494034315252e-01 1.117499548683527109e+03
2.712897800372461865e-01 1.075830471267672010e+03
2.757023325609578301e-01 1.036360625157759387e+03
2.801866556459189361e-01 1.000123486182309875e+03
2.847439166467242155e-01 9.676125114714278652e+02
2.893753019050945841e-01 9.386820235874887430e+02
2.940820170587057358e-01 9.126536282612331661e+02
2.988652873550379230e-01 8.885412208427912901e+02
3.037263579703306515e-01 8.652514118348741476e+02
3.086664943337267264e-01 8.417499615267256559e+02
3.136869824566870246e-01 8.172740028981660316e+02
3.187891292677637600e-01 7.915538595457127258e+02
3.239742629528188367e-01 7.648847778882903867e+02
3.292437333007764977e-01 7.379642126759325720e+02
3.345989120549968665e-01 7.116150814832335527e+02
3.400411932703701345e-01 6.865607620872310690e+02
3.455719936762132183e-01 6.632873890724004013e+02
3.511927530450721369e-01 6.419443326844040030e+02
3.569049345675221474e-01 6.222963800109193926e+02
3.627100252330637264e-01 6.038129408557946363e+02
3.686095362172154277e-01 5.858807466674236366e+02
3.746050032748987069e-01 5.679928232917687865e+02
3.806979871402279003e-01 5.498511746657145522e+02
3.868900739327968408e-01 5.314527114040002971e+02
3.931828755705760181e-01 5.131110392020982545e+02
3.995780301895260900e-01 4.952680128044581807e+02
4.060772025700353782e-01 4.782527812996302146e+02
4.126820845702948715e-01 4.622263215621861718e+02
4.193943955667180923e-01 4.471852055208258321e+02
4.262158829015316175e-01 4.329200613416763872e+02
4.331483223376391134e-01 4.191100494188765424e+02
4.401935185208863954e-01 4.055059171336853296e+02
4.473533054498454731e-01 3.920038711878459594e+02
4.546295469532387057e-01 3.786439456126073537e+02
4.620241371751305781e-01 3.655874549391492110e+02
4.695390010680052240e-01 3.530234358481919799e+02
4.771760948938736924e-01 3.410479395793294657e+02
4.849374067335225913e-01 3.296251881069992464e+02
4.928249570040502681e-01 3.186620520507602237e+02
5.008407989848199238e-01 3.080387939162133648e+02
5.089870193519666630e-01 2.976321705430287921e+02
5.172657387216013092e-01 2.874345210479793309e+02
5.256791122018414919e-01 2.775190935818980051e+02
5.342293299538343199e-01 2.679335872077455178e+02
5.429186177618929854e-01 2.587233184669216826e+02
5.517492376129112808e-01 2.498839358634061227e+02
5.607234882852017988e-01 2.413458829749809809e+02
5.698437059469123600e-01 2.330674049065437714e+02
5.791122647641752108e-01 2.250144194672977846e+02
5.885315775191439780e-01 2.171871404448282590e+02
5.981040962380929082e-01 2.096263742133216965e+02
6.078323128297217215e-01 2.023313978243971292e+02
6.177187597338478220e-01 1.952981933223351234e+02
6.277660105806485147e-01 1.885048234550855568e+02
6.379766808606263107e-01 1.819327855089823629e+02
6.483534286054715157e-01 1.755738900689091508e+02
6.588989550799940753e-01 1.694223366490482192e+02
6.696160054853207422e-01 1.634724182766104832e+02
6.805073696735194355e-01 1.577185237955248738e+02
6.915758828738508557e-01 1.521551398814594052e+02
7.028244264308330935e-01 1.467768527816297421e+02
7.142559285543106373e-01 1.415783497926536825e+02
7.258733650817241756e-01 1.365544204894535767e+02
7.376797602527721542e-01 1.316999577180280596e+02
7.496781874966862436e-01 1.270099583645598074e+02
7.618717702322979068e-01 1.224795239131397011e+02
7.742636826811252204e-01 1.181038608040167901e+02
7.868571506936827831e-01 1.138782603098342037e+02
7.996554525892326515e-01 1.097979136153249442e+02
8.126619200091933504e-01 1.058580282695316725e+02
8.258799387844254491e-01 1.020539619430270193e+02
8.393129498166350677e-01 9.838121965973525107e+01
8.529644499741005914e-01 9.483544929688261504e+01
8.668379930019756152e-01 9.141243721771279240e+01
8.809371904473967119e-01 8.810810403316091310e+01
8.952657125996371645e-01 8.491850048877209645e+01
9.098272894455547988e-01 8.183980347327675986e+01
9.246257116405725007e-01 7.886831214530982948e+01
9.396648314954677561e-01 7.600044417489820603e+01
9.549485639791944758e-01 7.323273209638769288e+01
9.704808877380279863e-01 7.056181976962506042e+01
9.862658461312796554e-01 6.798446570149167201e+01
1.002307548283862149e+00 6.549756527771550907e+01
1.018610170155974215e+00 6.309811966673350980e+01
1.035177955630174562e+00 6.078322145862266268e+01
1.052015217616156573e+00 5.855005222635693229e+01
1.069126339173473994e+00 5.639588014150601936e+01
1.086515774652535349e+00 5.431805763908446494e+01
1.104188050854157721e+00 5.231401913119574942e+01
1.122147768207977014e+00 5.038127876908136216e+01
1.140399601970030874e+00 4.851742825315535868e+01
1.158948303439808925e+00 4.672013469057806390e+01
1.177798701197116715e+00 4.498713849989660929e+01
1.196955702359040696e+00 4.331625136225753181e+01
1.216424293857365058e+00 4.170535421361728368e+01
1.236209543736765282e+00 4.015239290797504168e+01
1.256316602474116806e+00 3.865537305437215565e+01
1.276750704319263630e+00 3.721236407437950078e+01
1.297517168657585263e+00 3.582149833508326253e+01
1.318621401394745929e+00 3.448096925255079981e+01
1.340068896363947326e+00 3.318902944600207405e+01
1.361865236756078401e+00 3.194398894158911162e+01
1.384016096573127630e+00 3.074421342470484220e+01
1.406527242105232833e+00 2.958812253975493434e+01
1.429404533431759106e+00 2.847418823633636364e+01
1.452653925946778113e+00 2.740093316078639063e+01
1.476281471909387077e+00 2.636692909207097557e+01
1.500293322019214948e+00 2.537079542100591567e+01
1.524695727017570057e+00 2.441119766710512451e+01
1.549495039314627620e+00 2.348684583731601450e+01
1.574697714643081392e+00 2.259649298820662722e+01
1.600310313738698254e+00 2.173893417066603462e+01
1.626339504048189388e+00 2.091300512773643661e+01
1.652792061464891660e+00 2.011758100684537709e+01
1.679674872092649540e+00 1.935157510916702961e+01
1.706994934038403189e+00 1.861393767519102127e+01
1.734759359233926546e+00 1.790365470559602912e+01
1.762975375287200386e+00 1.721974681653761152e+01
1.791650327363897732e+00 1.656126812848174623e+01
1.820791680099459464e+00 1.592730518772672710e+01
1.850407019542298137e+00 1.531697591977752637e+01
1.880504055128578100e+00 1.472942861374851020e+01
1.911090621689133018e+00 1.416384092870540812e+01
1.942174681489020172e+00 1.361941882718795505e+01
1.973764326300249783e+00 1.309539569706968898e+01
2.005867779508230697e+00 1.259103155119715645e+01
2.038493398252459343e+00 1.210561215475524577e+01
2.071649675602064811e+00 1.163844817667899889e+01
2.105345242766700320e+00 1.118887436700010163e+01
2.139588871343416354e+00 1.075624875942049918e+01
2.174389475600073229e+00 1.033995189842004692e+01
2.209756114795895066e+00 9.939386090222997794e+00
2.245697995539770897e+00 9.553974676961072277e+00
2.282224474186893559e+00 9.183161333387049652e+00
2.319345059274423360e+00 8.826409385509069949e+00
2.357069413996721874e+00 8.483201150527863277e+00
2.395407358720871738e+00 8.153037264286819408e+00
2.434368873543104161e+00 7.835435882564421917e+00
2.473964100886805628e+00 7.529932245188930118e+00
2.514203348142793448e+00 7.236078192480062121e+00
2.555097090352502320e+00 6.953441598565927251e+00
2.596655972934865719e+00 6.681605822627442848e+00
2.638890814457504508e+00 6.420169177859377463e+00
2.681812609453007923e+00 6.168744417620501075e+00
2.725432531281021031e+00 5.926958238259446787e+00
2.769761935036882061e+00 5.694450798116240442e+00
2.814812360507575661e+00 5.470875252212704432e+00
2.860595535175737059e+00 5.255897302158351714e+00
2.907123377272571751e+00 5.049194760810327587e+00
2.954407998880373754e+00 4.850457131236138864e+00
3.002461709085541219e+00 4.659385172852541501e+00
3.051297017182860838e+00 4.475690450667610953e+00
3.100926635931917197e+00 4.299095037923528650e+00
3.151363484866473552e+00 4.129331167272910719e+00
3.202620693657645123e+00 3.966140873097920849e+00
3.254711605531841023e+00 3.809275645833282820e+00
3.307649780744232881e+00 3.658496097915032941e+00
3.361449000108756469e+00 3.513571640987883882e+00
3.416123268585517625e+00 3.374280174014707256e+00
3.471686818926550178e+00 3.240407781941784915e+00
3.528154115380877531e+00 3.111748444583807061e+00
3.585539857459808299e+00 2.988103755402376827e+00
3.643858983763537562e+00 2.869282649860984247e+00
3.703126675869917506e+00 2.755101142932431468e+00
3.763358362286524095e+00 2.645382065365871060e+00
3.824569722466987898e+00 2.539954813025075975e+00
3.886776690892653985e+00 2.438655129539974542e+00
3.949995461220637161e+00 2.341324879779479673e+00
4.014242490499313476e+00 2.247811829091679314e+00
4.079534503452442173e+00 2.157969430184802473e+00
4.145888496832901282e+00 2.071656617398775602e+00
4.213321743847276757e+00 1.988737608123589906e+00
4.281851798652398955e+00 1.909081711129291259e+00
4.351496500925035704e+00 1.832563141578906318e+00
4.422273980505892155e+00 1.759060842502838895e+00
4.494202662119133329e+00 1.688458312520452642e+00
4.567301270168734995e+00 1.620643439600605751e+00
4.641588833612766862e+00 1.555508339537549967e+00
4.717084690917004330e+00 1.492949178266518961e+00
4.793808495089095345e+00 1.432866027704838396e+00
4.871780218794615536e+00 1.375162747040115541e+00
4.951020159556341227e+00 1.319746844137715147e+00
5.031548945038043286e+00 1.266529340824629202e+00
5.113387538414314371e+00 1.215424642983345072e+00
5.196557243827647277e+00 1.166350415291047549e+00
5.281079711934317800e+00 1.119227460444813138e+00
5.366976945540458566e+00 1.073979602718498461e+00
5.454271305329815078e+00 1.030533575702204718e+00
5.542985515684658360e+00 9.888189140800298649e-01
5.633142670601343660e+00 9.487678493065787588e-01
5.724766239702166359e+00 9.103152090471179347e-01
5.817880074344919272e+00 8.733983196396397641e-01
5.912508413831861098e+00 8.379569079518314201e-01
6.008675891719668982e+00 8.039330148289316469e-01
6.106407542232020091e+00 7.712709114846839631e-01
6.205728806776491524e+00 7.399170157816324922e-01
6.306665540567391481e+00 7.098198115331277869e-01
6.409244019356438393e+00 6.809297707512661502e-01
6.513490946272786353e+00 6.531992787370761722e-01
6.619433458774373946e+00 6.265825619125586776e-01
6.727099135712317768e+00 6.010356182978119355e-01
6.836516004510215794e+00 5.765161505396327879e-01
6.947712548460224014e+00 5.529835014010694438e-01
7.060717714137759060e+00 5.303985916247023757e-01
7.175560918936909616e+00 5.087238600851266002e-01
7.292272058728295647e+00 4.879232044574111637e-01
7.410881515641548845e+00 4.679619203147541429e-01
7.531420165974348713e+00 4.488066542076163401e-01
7.653919388230123744e+00 4.304253543661623604e-01
7.778411071286472911e+00 4.127872209619237731e-01
7.904927622696407141e+00 3.958626582230767577e-01
8.033501977124714699e+00 3.796232283363236704e-01
8.164167604921447108e+00 3.640416070707694352e-01
8.296958520834884609e+00 3.490915410612531189e-01
8.431909292866230032e+00 3.347478066909164163e-01
8.569055051268321677e+00 3.209861705148168709e-01
8.708431497690707346e+00 3.077833511684870405e-01
8.850074914473417209e+00 2.951169827073056862e-01
8.994022174092025423e+00 2.829655793199861713e-01
9.140310748756206749e+00 2.713085002801537970e-01
9.288978720164474012e+00 2.601259160976483464e-01
9.440064789417572655e+00 2.493987795841609290e-01
9.593608287093109865e+00 2.391087959302344856e-01
9.749649183484070392e+00 2.292383935355706559e-01
9.908228099003773437e+00 2.197706959459057308e-01
1.006938631476025137e+01 2.106894948555068092e-01
1.023316578330242166e+01 2.019792241358758234e-01
1.039960913954116961e+01 1.936249348525916902e-01
1.056875971184800989e+01 1.856122712336651936e-01
1.074066153333429519e+01 1.779274475540227884e-01
1.091535935331389595e+01 1.705572259020813886e-01
1.109289864895220390e+01 1.634888947955656646e-01
1.127332563710483981e+01 1.567102485748463614e-01
1.145668728634868572e+01 1.502095662737564785e-01
1.164303132920873196e+01 1.439755925381099033e-01
1.183240627458374661e+01 1.379975211728886875e-01
1.202486142037408179e+01 1.322649776209965100e-01
1.222044686631485888e+01 1.267680019997387275e-01
1.241921352701780989e+01 1.214970327917299087e-01
1.262121314522544147e+01 1.164428911654781795e-01
1.282649830528057144e+01 1.115967659018769487e-01
1.303512244681505194e+01 1.069501989036586165e-01
1.324713987866112852e+01 1.024950712657505397e-01
1.346260579298905213e+01 9.822358988525684009e-02
1.368157627967469203e+01 9.412827459059758262e-02
1.390410834090067382e+01 9.020194577009495174e-02
1.413025990599530424e+01 8.643771242241270192e-02
1.436008984651256171e+01 8.282896007081709533e-02
1.459365799155752264e+01 7.936934014064793430e-02
1.483102514336099631e+01 7.605275994456370259e-02
1.507225309310751094e+01 7.287337252752681960e-02
1.531740463702076838e+01 6.982556689795901828e-02
1.556654359271058219e+01 6.690395864097627154e-02
1.581973481578596541e+01 6.410338089903522274e-02
1.607704421673819084e+01 6.141887570586895828e-02
1.633853877809856314e+01 5.884568566012560176e-02
1.660428657187524593e+01 5.637924592563422349e-02
1.687435677727369310e+01 5.401517654570970467e-02
1.714881969870536338e+01 5.174927505939804634e-02
1.742774678408915179e+01 4.957750940800047246e-02
1.771121064345083340e+01 4.749601097751703083e-02
1.799928506782471871e+01 4.550106739315682575e-02
1.829204504846287804e+01 4.358911689892495944e-02
1.858956679635680942e+01 4.175674264497131888e-02
1.889192776207659819e+01 4.000066686565658530e-02
1.919920665593280162e+01 3.831774528783468692e-02
1.951148346846612469e+01 3.670496176091152946e-02
1.982883949127066003e+01 3.515942310001692744e-02
2.015135733815551689e+01 3.367835413395384170e-02
2.047912096665079318e+01 3.225909294991528842e-02
2.081221569986331588e+01 3.089908632726267104e-02
2.115072824868787649e+01 2.959588535296023629e-02
2.149474673437975625e+01 2.834714121154375058e-02
2.184436071149422176e+01 2.715060114266826252e-02
2.219966119119949255e+01 2.600410438364249635e-02
2.256074066496854513e+01 2.490557813447246208e-02
2.292769312865642206e+01 2.385303448506962895e-02
2.330061410696916724e+01 2.284456707771635037e-02
2.367960067833069004e+01 2.187834779673086122e-02
2.406475150015419473e+01 2.095262359101299557e-02
2.445616683452439943e+01 2.006571342419800549e-02
2.485394857429792737e+01 1.921600534735413979e-02
2.525820026962777476e+01 1.840195368935648723e-02
2.566902715491942644e+01 1.762207636026382959e-02
2.608653617622539755e+01 1.687495226320380112e-02
2.651083601908528564e+01 1.615921881045263853e-02
2.694203713681872614e+01 1.547356953956258510e-02
2.738025177927850962e+01 1.481675182209724571e-02
2.782559402207117216e+01 1.418756444984050485e-02
2.827817979625333322e+01 1.358485544414127222e-02
2.873812691851056300e+01 1.300752040203878579e-02
2.920555512182736635e+01 1.245450058106178752e-02
2.968058608665591436e+01 1.192478102771482411e-02
3.016334347259184057e+01 1.141738878202500258e-02
3.065395295056519842e+01 1.093139115508389748e-02
3.115254223555479030e+01 1.046589407664158533e-02
3.165924111983512645e+01 1.002004050992619244e-02
3.217418150676361677e+01 9.593008930978440263e-03
3.269749744511755551e+01 9.184011869895846933e-03
3.322932516398959990e+01 8.792294511487734957e-03
3.376980310825077680e+01 8.417133352941464502e-03
3.431907197459035785e+01 8.057834902320617360e-03
3.487727474814168005e+01 7.713734209921085591e-03
3.544455673970423959e+01 7.384193762972205213e-03
3.602106562357059971e+01 7.068602586470005590e-03
3.660695147596889143e+01 6.766375153262632440e-03
3.720236681413054214e+01 6.476950330884421840e-03
3.780746663599334312e+01 6.199790371745743725e-03
3.842240846055049985e+01 5.934379944900668169e-03
3.904735236885550620e+01 5.680225207687999295e-03
3.968246104569469423e+01 5.436852915610287940e-03
4.032789982193693845e+01 5.203809568882653003e-03
4.098383671757247981e+01 4.980660594147203260e-03
4.165044248545168415e+01 4.766989559910439316e-03
4.232789065573533094e+01 4.562397424319990756e-03
4.301635758106783669e+01 4.366501783091311477e-03
4.371602248248492373e+01 4.178935974693598343e-03
4.442706749606870176e+01 3.999348586256622901e-03
4.514967772036086302e+01 3.827402942753155204e-03
4.588404126454742027e+01 3.662776491925450427e-03
4.663034929742713786e+01 3.505160214077237060e-03
4.738879609717634622e+01 3.354258056496266585e-03
4.815957910192339853e+01 3.209786391478881059e-03
4.894289896114516836e+01 3.071473496970631659e-03
4.973895958790049576e+01 2.939059058878354825e-03
5.054796821191224154e+01 2.812293694149240256e-03
5.137013543351323364e+01 2.690938493749562860e-03
5.220567527846957034e+01 2.574764584712437975e-03
5.305480525369551259e+01 2.463552710458827549e-03
5.391774640387489370e+01 2.357092775255433068e-03
5.479472336900271756e+01 2.255183315977239613e-03
5.568596444286395553e+01 2.157631323385919737e-03
5.659170163246224661e+01 2.064251941508899509e-03
5.751217071841592343e+01 1.974868123285031772e-03
5.844761131633612194e+01 1.889310300808429762e-03
5.939826693920332445e+01 1.807416069547018375e-03
6.036438506075852217e+01 1.729029885939239921e-03
6.134621717992490630e+01 1.654002777798098183e-03
6.234401888627844812e+01 1.582192066976301085e-03
6.335804992658229651e+01 1.513461103769906313e-03
6.438857427240395737e+01 1.447679012560226623e-03
6.543586018883209476e+01 1.384720448215407155e-03
6.650018030431093052e+01 1.324465362292561550e-03
6.758181168161091534e+01 1.266798704541406955e-03
6.868103588995283815e+01 1.211610147062312098e-03
6.979813907830639153e+01 1.158794036884847490e-03
7.093341204987970627e+01 1.108249216687102025e-03
7.208715033782111448e+01 1.059878832682455965e-03
7.325965428215201314e+01 1.013590150800200646e-03
7.445122910795107884e+01 9.692943807963776050e-04
7.566218500481036813e+01 9.269065079475764888e-04
7.689283720758288609e+01 8.863451319958105205e-04
7.814350607844519914e+01 8.475323130274609561e-04
7.941451719029312528e+01 8.103934239834240712e-04
8.070620141149474591e+01 7.748570095110039616e-04
8.201889499202172829e+01 7.408546508809872285e-04
8.335293965098158253e+01 7.083208335899691000e-04
8.470868266557383208e+01 6.771927401822153960e-04
8.608647696149219541e+01 6.474101396512625152e-04
8.748668120479882759e+01 6.189153786800898277e-04
8.890965989529129843e+01 5.916532755306346935e-04
9.035578346138895256e+01 5.655710130262023598e-04
9.182542835656249736e+01 5.406180362536205279e-04
9.331897715733200016e+01 5.167459547718088013e-04
9.483681866285897399e+01 4.939084491233338347e-04
9.637934799615760539e+01 4.720611814550006754e-04
9.794696670695363139e+01 4.511617100624652592e-04
9.954008287621489615e+01 4.311694076825140138e-04
1.011591112223826059e+02 4.120453833646945795e-04
1.028044732093305385e+02 3.937524077618328512e-04
1.044765971560800040e+02 3.762548340141884059e-04
1.061759183482997173e+02 3.595184566675487426e-04
1.079028791516180945e+02 3.435104936349402116e-04
1.096579291267806440e+02 3.281995788910198569e-04
1.114415251466784014e+02 3.135557010169669982e-04
1.132541315152807613e+02 2.995501437054563787e-04
1.150962200885027755e+02 2.861554289530983701e-04
1.169682703970380118e+02 2.733452628146842739e-04
1.188707697711900124e+02 2.610944835996285678e-04
1.208042134677324952e+02 2.493790123968487238e-04
1.227691047988355422e+02 2.381758058197437796e-04
1.247659552630865250e+02 2.274628108682698259e-04
1.267952846786430001e+02 2.172189218099522968e-04
1.288576213185513097e+02 2.074239389864927633e-04
1.309535020482661594e+02 1.980585175606926337e-04
1.330834724654071692e+02 1.891040833990867062e-04
1.352480870417871301e+02 1.805428492372914719e-04
1.374479092677532890e+02 1.723578015809272752e-04
1.396835117988734964e+02 1.645326662221575497e-04
1.419554766050095793e+02 1.570518753403451139e-04
1.442643951218151983e+02 1.499005361239286562e-04
1.466108684046978112e+02 1.430644008399965415e-04
1.489955072852850435e+02 1.365298382817425849e-04
1.514189325304347733e+02 1.302838065275106294e-04
1.538817750038340932e+02 1.243138269484529929e-04
1.563846758302241540e+02 1.186079594050233604e-04
1.589282865622971883e+02 1.131547785754704330e-04
1.615132693503084340e+02 1.079433513423699718e-04
1.641402971144459855e+02 1.029632031344337225e-04
1.668100537200054134e+02 9.820428035096374073e-05
1.695232341554115010e+02 9.365696258299233091e-05
1.722805447131388519e+02 8.931204892026806575e-05
1.750827031735718435e+02 8.516073912621671086e-05
1.779304389918571019e+02 8.119461569830898251e-05
1.808244934877943990e+02 7.740562676996933487e-05
1.837656200388163370e+02 7.378606981243972533e-05
1.867545842761070674e+02 7.032857609716971950e-05
1.897921642839095000e+02 6.702609588135051237e-05
1.928791508020771630e+02 6.387188428112546847e-05
1.960163474319178363e+02 6.085948779885960865e-05
1.992045708453862574e+02 5.798273147255558958e-05
2.024446509976795880e+02 5.523570653377339048e-05
2.057374313432904103e+02 5.261275479494025123e-05
2.090837690555744643e+02 5.010845671721040571e-05
2.124845352498876139e+02 4.771762686867550281e-05
2.159406152103559293e+02 4.543530405412761383e-05
2.194529086203306179e+02 4.325674142091577844e-05
2.230223297965929419e+02 4.117739702192436529e-05
2.266498079273684141e+02 3.919292481335179452e-05
2.303362873142121146e+02 3.729916606611348694e-05
2.340827276178286525e+02 3.549214117077778406e-05
2.378901041078886180e+02 3.376804181697502571e-05
2.417594079169122097e+02 3.212322352918319744e-05
2.456916462982782150e+02 3.055419854172654944e-05
2.496878428884316747e+02 2.905762899668345648e-05
2.537490379733560246e+02 2.763032113456475940e-05
2.578762887593790083e+02 2.626922863810772301e-05
2.620706696483844667e+02 2.497144220729014585e-05
2.663332725174973348e+02 2.373417490359674300e-05
2.706652070033231894e+02 2.255475690599393078e-05
2.750676007908056135e+02 2.143063072880040879e-05
2.795415999067845974e+02 2.035934663458942610e-05
2.840883690183291606e+02 1.933855823393464010e-05
2.887090917359222999e+02 1.836601826417338021e-05
2.934049709215778421e+02 1.743957453970227579e-05
2.981772290019662819e+02 1.655716606664946674e-05
3.030271082866386791e+02 1.571681931507967181e-05
3.079558712914214880e+02 1.491664464218874815e-05
3.129648010670739495e+02 1.415483286022656751e-05
3.180552015332906421e+02 1.342965517501471133e-05
3.232283978181365001e+02 1.273947797929271300e-05
3.284857366030034882e+02 1.208274254126848700e-05
3.338285864731749939e+02 1.145795189134716863e-05
3.392583382740981506e+02 1.086366877791098434e-05
3.447764054734451520e+02 1.029851370545686226e-05
3.503842245290661026e+02 9.761163013052224884e-06
3.560832552629264001e+02 9.250346993760999681e-06
3.618749812411263633e+02 8.764848055568653733e-06
3.677609101601021280e+02 8.303498924222235301e-06
3.737425742391052381e+02 7.865180888292456563e-06
3.798215306190721776e+02 7.448822086663086629e-06
3.859993617679754152e+02 7.053395838559545339e-06
3.922776758927703327e+02 6.677919016461535966e-06
3.986581073580424004e+02 6.321456705776795625e-06
4.051423171114630009e+02 5.983134179013614301e-06
4.117319931161665636e+02 5.662114391766285902e-06
4.184288507901568437e+02 5.357591847622533564e-06
4.252346334528667171e+02 5.068791969393806426e-06
4.321511127789748343e+02 4.794970434754492845e-06
4.391800892596069161e+02 4.535412481559885052e-06
4.463233926710377659e+02 4.289432187767693001e-06
4.535828825510167803e+02 4.056371730551779683e-06
4.609604486828419567e+02 3.835600628869646520e-06
4.684580115873032469e+02 3.626514973430045748e-06
4.760775230226352051e+02 3.428536647701582919e-06
4.838209664925937545e+02 3.241112543311578584e-06
4.916903577628008293e+02 3.063713829314451739e-06
4.996877453854862665e+02 2.895840700344139448e-06
5.078152112327650229e+02 2.737024642338928836e-06
5.160748710385893219e+02 2.586816791786177843e-06
5.244688749495099955e+02 2.444786363352976899e-06
5.329994080844071505e+02 2.310520317174676886e-06
5.416686911033131082e+02 2.183622991501317520e-06
5.504789807854948549e+02 2.063715705804695213e-06
5.594325706169355499e+02 1.950436339075647872e-06
5.685317913873726638e+02 1.843438887679190121e-06
5.777790117970486108e+02 1.742393006785059436e-06
5.871766390733237131e+02 1.646983539055250445e-06
5.967271195973293061e+02 1.556910033947849929e-06
6.064329395408040000e+02 1.471886260690040227e-06
6.162966255132917013e+02 1.391639707921297919e-06
6.263207452198662395e+02 1.315910882741944804e-06
6.365079081295542665e+02 1.244452875138303278e-06
6.468607661546304826e+02 1.177031114639896244e-06
6.573820143409565162e+02 1.113422886085401264e-06
6.680743915695589976e+02 1.053416841817573930e-06
6.789406812696082625e+02 9.968125229689161512e-07
6.899837121429990248e+02 9.434198908711292194e-07
7.012063589007151450e+02 8.930588694607094301e-07
7.126115430111715341e+02 8.455588994054302942e-07
7.242022334607291896e+02 8.007585045414379170e-07
7.359814475265742431e+02 7.585048710877521999e-07
7.479522515621795264e+02 7.186534399932274201e-07
7.601177617955298729e+02 6.810675126703587334e-07
7.724811451403370484e+02 6.456170557440083740e-07
7.850456200204474726e+02 6.121718260173991303e-07
7.978144572076588474e+02 5.806060363988333804e-07
8.107909806731662457e+02 5.508025469754785121e-07
8.239785684528490037e+02 5.226522646490118298e-07
8.373806535266462561e+02 4.960535432118067685e-07
8.510007247122213130e+02 4.709116314269724871e-07
8.648423275731687454e+02 4.471381650211653215e-07
8.789090653419917771e+02 4.246506988681246748e-07
8.932045998580940704e+02 4.033722759746557046e-07
9.077326525210183945e+02 3.832310301831993582e-07
9.224970052592143475e+02 3.641598197790132684e-07
9.375015015145235111e+02 3.460958894384630833e-07
9.527500472427254863e+02 3.289805581799876035e-07
9.682466119303098822e+02 3.127582182822899264e-07
9.839952296278186168e+02 2.973737201519108757e-07
9.999999999999970441e+02 2.827750404538840363e-07
